2 0.49296875 0.6936619718309859 0.0921875 0.22300469483568075
2 0.7890625 0.7417840375586855 0.11875 0.2300469483568075
2 0.28359375 0.7382629107981221 0.1296875 0.18544600938967137
2 0.0953125 0.7347417840375586 0.18125 0.19248826291079812
2 0.4359375 0.5551643192488263 0.08125 0.24178403755868544
2 0.54453125 0.5434272300469484 0.0734375 0.284037558685446
2 0.61015625 0.6314553990610329 0.0828125 0.24413145539906103
2 0.64140625 0.505868544600939 0.0890625 0.2605633802816901
2 0.70703125 0.6244131455399061 0.0984375 0.25821596244131456
2 0.79609375 0.539906103286385 0.0859375 0.25821596244131456
2 0.9359375 0.6690140845070423 0.125 0.2535211267605634
2 0.1171875 0.5715962441314554 0.175 0.22769953051643194
2 0.23828125 0.5974178403755869 0.1296875 0.1807511737089202
2 0.3296875 0.5985915492957746 0.11875 0.20657276995305165