10 0.20347003154574134 0.3546099290780142 0.4069400630914827 0.2978723404255319
10 0.5457413249211357 0.3049645390070922 0.14195583596214512 0.20803782505910165
5 0.5236593059936908 0.8451536643026005 0.17350157728706625 0.2718676122931442
5 0.7397476340694006 0.8995271867612293 0.1892744479495268 0.19621749408983452
5 0.33201892744479494 0.7872340425531915 0.1529968454258675 0.30260047281323876
5 0.1553627760252366 0.6583924349881797 0.11198738170347003 0.20567375886524822
5 0.8958990536277602 0.7021276595744681 0.13564668769716087 0.1702127659574468
5 0.7570977917981072 0.6643026004728132 0.12302839116719243 0.15602836879432624
5 0.6490536277602523 0.6312056737588653 0.11514195583596215 0.14184397163120568
5 0.49763406940063093 0.6004728132387707 0.1056782334384858 0.10874704491725769
5 0.42034700315457413 0.5685579196217494 0.06466876971608833 0.10638297872340426
5 0.33201892744479494 0.5508274231678487 0.08990536277602523 0.08983451536643026
7 0.32018927444794953 0.6205673758865248 0.35646687697160884 0.14893617021276595
7 0.693217665615142 0.7565011820330969 0.49369085173501576 0.23167848699763594
7 0.4582018927444795 0.5366430260047281 0.250788643533123 0.08037825059101655
7 0.7294952681388013 0.5910165484633569 0.35173501577287064 0.10874704491725769