10 0.2109375 0.26458333333333334 0.378125 0.2833333333333333
5 0.7546875 0.859375 0.2875 0.27708333333333335
5 0.91015625 0.6739583333333333 0.1703125 0.3020833333333333
5 0.2453125 0.8197916666666667 0.225 0.3229166666666667
5 0.11796875 0.6666666666666666 0.1546875 0.17083333333333334
5 0.38203125 0.6416666666666667 0.1078125 0.225
5 0.56640625 0.7427083333333333 0.1234375 0.29375
5 0.69140625 0.5916666666666667 0.1328125 0.23333333333333334
5 0.81484375 0.565625 0.1328125 0.22291666666666668
5 0.5546875 0.5166666666666667 0.1125 0.15416666666666667
5 0.46015625 0.496875 0.0796875 0.14791666666666667
5 0.2609375 0.5479166666666667 0.1 0.1375